24,94
60,91
81,66
43,75
33,60
13,12
61,78
83,14
100,28
90,55
49,4
41,25
71,66
96,1
45,63
6,6
80,4
13,9
28,86
63,1
23,62
93,55
1,63
30,52
69,63
41,74
29,87
5,77
61,31
91,32
71,35
95,65
79,76
56,18
6,82
4,53
19,66
87,47
65,25
81,21
10,14
16,19
70,93
53,26
45,4
98,42
30,85
69,81
11,22
43,40
78,94
55,8
35,69
28,87
41,44
34,49
7,79
34,38
59,52
16,35
65,65
18,78
3,2
47,98
78,8
69,25
33,90
40,8
49,55
83,61
88,68
66,28
8,64
27,42
72,2
92,13
83,71
21,5
73,50
22,25
82,13
43,57
90,6
23,51
3,50
84,98
19,69
93,15
33,65
84,60
11,61
39,90
98,94
65,39
93,65
78,100
25,78
7,82
38,30
20,4
56,68
20,5
41,71
63,92
86,60
60,88
73,78
6,59
69,57
14,51
10,78
10,81
69,93
16,22
84,21
6,91
19,33
10,40
90,6
92,25
23,24
51,81
100,41
65,85
62,28
34,10
1,47
76,43
80,98
94,5
13,37
22,56
22,52
58,11
11,81
11,73
52,86
25,88
4,74
16,55
68,100
3,19
26,47
58,2
5,72
53,57
73,44
88,44
56,97
89,96
92,54
25,100
21,4
59,25
24,61
90,53
71,64
84,23
83,33
97,34
91,55
98,80
83,32
52,93
1,9
1,93
96,95
66,54
67,38
92,59
69,62
32,91
94,8
17,30
83,71
4,35
56,28
92,10
39,59
58,65
65,47
16,70
88,10
1,20
48,51
76,55
26,49
82,33
27,77
19,24
28,55
17,22
23,10
52,61
62,14
1,91
83,8
34,9
67,57
28,4
57,39
4,49
68,93
76,4
33,2
61,88
7,22
58,10
19,89
4,35
44,57
86,75
17,11
33,44
38,73
29,52
6,99
82,88
74,56
61,35
44,28
55,7
95,60
32,58
98,26
34,36
16,96
37,97
82,20
99,51
44,50
69,79
40,38
24,33
89,40
66,77
88,34
58,100
80,33
11,76
11,45
81,85
42,43
10,6
90,56
67,68
30,92
39,45
73,40
86,36
60,11
43,28
1,48
37,68
79,21
31,39
62,44
30,50
20,70
48,56
77,46
62,37
28,11
45,42
62,98
38,28
100,43
16,7
63,67
60,71
76,80
55,32
47,49
4,19
7,48
92,9
71,51
99,10
65,39
65,78
88,60
18,90
97,9
41,99
82,67
39,28
74,42
20,41
98,28
91,35
54,55
46,48
24,82
70,12
49,60
24,58
41,56
22,69
18,5
89,42
46,22
11,41
58,67
78,88
51,4
47,3
22,94
30,77
72,3
19,23
69,33
34,81
55,21
68,86
43,91
81,98
19,62
47,47
7,70
25,35
62,77
53,14
94,96
92,36
88,23
22,67
81,28
95,78
84,100
66,45
25,79
85,9
61,27
79,45
38,41
52,12
59,44
20,66
83,82
75,29
6,5
24,7
4,99
10,59
58,67
3,74
32,45
37,77
45,76
35,29
86,98
93,50
82,36
36,56
72,93
72,88
59,94
24,24
6,68
72,7
55,1
23,60
15,84
13,37
33,45
96,83
20,94
62,77
63,86
13,63
11,47
87,50
35,41
63,17
49,53
17,35
53,43
83,92
11,26
68,13
14,87
21,13
52,93
56,2
54,33
36,1
96,17
100,2
66,94
76,24
58,7
13,29
67,60
6,81
31,61
43,58
56,37
71,17
13,100
66,71
27,93
48,3
36,63
22,4
17,6
83,87
35,94
20,55
96,77
56,24
56,27
74,18
40,44
76,39
47,69
70,94
78,23
41,96
82,9
67,88
74,92
44,38
16,30
53,27
70,73
57,77
41,82
21,99
88,27
94,93
55,4
86,78
64,2
96,97
27,66
53,54
70,49
59,10
68,59
53,51
4,8
38,96
27,71
11,92
73,66
100,89
5,99
51,75
79,46
8,46
59,36
68,26
14,96
85,31
64,57
60,98
77,95
22,100
49,10
85,65
100,38
79,71
8,69
13,9
24,8
17,55
1,90
38,41
56,58
81,4
71,95
38,17
19,5
93,50
56,12
23,2
27,58
5,5
40,10
91,48
7,92
95,15
62,3
81,86
61,25
40,43
14,3
30,2
77,83
48,89
39,90
9,3
32,22
52,93
50,1
63,9
97,69
51,7
41,20
75,37
66,68
40,61
77,39
85,59
47,76
38,74
95,95
83,61
33,31
16,63
2,12
63,62
96,39
68,58
70,86
65,90
89,4
79,85
95,89
23,34
69,88
83,37
23,90
40,62
76,81
3,53
99,69
4,65
25,66
67,73
62,47
34,93
32,43
88,73
68,55
32,37
39,92
91,5
8,91
97,36
23,39
83,24
2,81
61,49
81,92
66,4
77,24
9,14
26,69
72,42
45,6
88,67
17,67
91,59
58,13
70,26
8,25
59,59
78,48
92,30
86,30
95,82
62,45
81,70
30,53
22,71
29,54
22,92
99,90
58,27
52,78
71,4
33,79
4,68
40,58
95,32
82,42
13,4
46,70
15,35
18,67
14,45
74,67
55,89
65,60
80,36
2,64
3,10
92,50
8,36
11,75
23,20
67,31
100,82
21,3
59,15
16,12
92,28
17,49
71,16
7,69
54,91
49,40
87,76
44,54
57,31
48,3
88,52
3,86
21,35
13,11
69,97
30,51
61,43
36,48
62,67
93,14
3,16
29,31
39,55
40,46
51,96
70,10
98,54
85,26
23,52
9,28
12,61
71,53
76,15
31,44
23,44
91,55
59,6
85,99
7,38
66,90
8,60
54,72
52,37
32,59
34,37
11,53
41,83
31,8
89,60
69,53
8,17
77,94
94,22
50,85
31,4
89,79
42,22
40,64
83,17
86,26
99,93
79,1
100,80
93,87
60,25
15,22
31,61
23,33
21,24
59,13
58,83
61,84
68,76
43,44
19,54
73,74
37,33
98,97
45,10
3,68
2,87
32,37
93,1
13,84
99,39
45,82
81,87
85,81
75,19
91,50
16,44
31,64
16,57
92,6
55,59
20,35
86,66
53,60
93,15
24,94
40,52
59,90
16,98
87,95
13,2
97,80
25,60
15,39
92,36
16,14
52,78
72,64
13,57
77,44
69,49
98,59
49,43
78,92
27,41
90,17
96,19
73,16
96,4
33,96
46,7
22,10
62,27
55,36
13,57
41,33
67,49
80,24
40,71
33,79
25,17
6,4
76,55
82,15
31,30
36,13
13,5
31,98
30,38
33,11
28,78
64,63
48,45
42,24
99,53
33,17
20,93
83,83
11,45
64,77
90,41
50,85
53,80
79,66
91,8
14,95
73,91
63,66
71,88
25,79
22,20
93,32
46,17
5,98
91,98
64,54
27,29
66,2
30,78
25,94
35,11
2,43
61,69
97,30
14,82
59,62
87,98
70,53
79,61
48,10
27,14
30,42
72,50
64,84
81,27
30,65
60,73
17,4
78,56
83,55
19,40
74,72
72,89
12,32
53,9
68,95
59,5
17,25
71,9
40,87
37,88
9,5
63,85
23,24
26,23
29,9
71,4
12,94
45,89
34,37
94,82
5,31
32,14
6,42
98,48
46,40
87,85
87,28
84,15
60,83
93,23
50,87
62,68
38,99
40,71
92,88
60,14
35,100
73,33
20,7
33,69
98,50
85,82
35,80
34,63
96,3
93,19
58,27
32,51
25,44
79,67
19,69
5,15
58,14
62,72
28,98
62,7
100,2
65,58
14,19
11,25
51,67
12,5
14,59
88,69
91,52
65,97
3,28
93,68
47,64
44,21
85,61
95,22
24,27
50,14
47,90
13,77
49,44
1,59
66,29
23,18
58,35
62,40
27,97
34,93
12,50
61,24
92,26
53,58
14,58
97,53
43,58
9,96
35,72
65,1
53,51
37,6
41,78
75,49
16,15
30,70
14,13
11,91
77,30
24,20
50,50
53,84
5,57
58,73
51,67
74,56
92,82
18,81
95,80
87,7
41,60
86,79
93,16
18,4
63,21
88,6
24,51
50,35
94,76
18,76
6,64
62,36
70,26
34,20
78,70
54,71
62,26
18,29
54,24
52,4
26,47
4,10
85,82
56,58
18,42
75,81
52,51
37,41
36,7
12,74
89,91
76,77
57,43
54,14
47,32
47,78
95,44
37,99
91,10
8,100
24,93
58,92
26,85
29,46
89,81
65,95
31,43
54,65
7,93
21,72
81,84
98,47
66,52
75,81
87,88
52,26
84,56
99,37
26,93
28,84
14,12
21,95
66,7
75,66
51,57
52,46
73,53
62,63
82,75
86,72
37,35
39,99
71,50
62,29
45,59
29,62
26,75
4,78
29,54
91,68
22,47
15,20
65,98
82,25
71,32
90,88
70,87
94,60
65,17
58,91
40,96
60,17
90,44
41,56
